1 1.000000e+00
2 1.414214e+00
3 1.732051e+00
4 2.000000e+00
5 2.236068e+00
6 2.449490e+00
7 2.645751e+00
8 2.828427e+00
9 3.000000e+00
10 3.162278e+00
11 3.316625e+00
12 3.464102e+00
13 3.605551e+00
14 3.741657e+00
15 3.872983e+00
16 4.000000e+00
17 4.123106e+00
18 4.242641e+00
19 4.358899e+00
20 4.472136e+00
21 4.582576e+00
22 4.690416e+00
23 4.795832e+00
24 4.898979e+00
25 5.000000e+00
26 5.099020e+00
27 5.196152e+00
28 5.291503e+00
29 5.385165e+00
30 5.477226e+00
31 5.567764e+00
32 5.656854e+00
33 5.744563e+00
34 5.830952e+00
35 5.916080e+00
36 6.000000e+00
37 6.082763e+00
38 6.164414e+00
39 6.244998e+00
40 6.324555e+00
41 6.403124e+00
42 6.480741e+00
43 6.557439e+00
44 6.633250e+00
45 6.708204e+00
46 6.782330e+00
47 6.855655e+00
48 6.928203e+00
49 7.000000e+00
50 7.071068e+00
51 7.141428e+00
52 7.211103e+00
53 7.280110e+00
54 7.348469e+00
55 7.416198e+00
56 7.483315e+00
57 7.549834e+00
58 7.615773e+00
59 7.681146e+00
60 7.745967e+00
61 7.810250e+00
62 7.874008e+00
63 7.937254e+00
64 8.000000e+00
65 8.062258e+00
66 8.124038e+00
67 8.185353e+00
68 8.246211e+00
69 8.306624e+00
70 8.366600e+00
71 8.426150e+00
72 8.485281e+00
73 8.544004e+00
74 8.602325e+00
75 8.660254e+00
76 8.717798e+00
77 8.774964e+00
78 8.831761e+00
79 8.888194e+00
80 8.944272e+00
81 9.000000e+00
82 9.055385e+00
83 9.110434e+00
84 9.165151e+00
85 9.219544e+00
86 9.273618e+00
87 9.327379e+00
88 9.380832e+00
89 9.433981e+00
90 9.486833e+00
91 9.539392e+00
92 9.591663e+00
93 9.643651e+00
94 9.695360e+00
95 9.746794e+00
96 9.797959e+00
97 9.848858e+00
98 9.899495e+00
99 9.949874e+00
100 1.000000e+01
